# Created by Octave 3.8.2, Sun Dec 07 20:15:24 2014 EET <luoliangyi@localhost.localdomain>
# name: base
# type: matrix
# rows: 3100
# columns: 1
# These are all original data points of base signal (noise) minus 50. Despite that the "noise" is very noisy itself, some patterns can be observed. 
 16.70999999999999
 -39.17
 31.09
 -46.42
 50.31
 48.62
 -44.23
 10.78
 21.52
 -43.49
 43.54000000000001
 53.45
 -46.96
 -43.6
 -15.52
 27.27
 -41.94
 26.48999999999999
 7.350000000000001
 -39.84
 -35.59
 12.53
 -1.109999999999999
 31.33
 39.06999999999999
 41.51000000000001
 -4.729999999999997
 -48.32
 45.34999999999999
 35.53
 -46.56
 -36.29
 -45.76
 -16.38
 36.43000000000001
 -22.6
 -55.88
 -41.49
 49.02
 30.81999999999999
 10.27
 -16.47
 -27.92
 50.56
 -34.95
 -7.909999999999997
 28.36
 46.93000000000001
 -37.17
 -29.19
 -43.08
 -13.36
 -39.6
 -43.39
 -31.33
 33.14
 38.58
 -0.3500000000000014
 -53.7
 10.4
 -43.81
 -32.18
 -15.41
 -17.86
 57.37
 -47.38
 41.95
 52
 41.3
 19.08
 -27.63
 -37.68
 54.79000000000001
 -46.26
 -17.07
 -18.81
 45.13
 27.65000000000001
 -60.04
 37.3
 -51.76
 57.01000000000001
 -49.41
 -34.36
 -8.030000000000001
 51.56999999999999
 24.62
 -31.31
 -18.68
 35.44
 -49.65
 46.08
 28.73
 36.91
 41.37
 -29.73
 -36.38
 32.3
 10.85
 24.23
 -44.89
 -34.05
 -5.939999999999998
 -53.25
 -2.43
 49.84999999999999
 46.19
 24.31
 52.95
 -48.58
 40.73
 -10.02
 40.43000000000001
 51.70999999999999
 20.81
 47.40000000000001
 -39.83
 -42.89
 49.58
 -38.75
 -39.11
 -45.52
 16.3
 39.25
 -42.11
 30.84999999999999
 36.92
 -53.89
 26.84999999999999
 46.16
 12.33
 44.43000000000001
 14.33
 54.12
 45.47
 -27.45
 13.88
 39.41
 -1.82
 27.45
 35.43000000000001
 -53.1
 20.22
 -47.23
 -42.43
 -28.97
 -45.46
 -42.88
 -47.17
 -28.47
 -38.3
 -39.13
 -19.23
 37.04000000000001
 49.06999999999999
 15.7
 35.55
 -28.79
 -26.08
 -28.79
 -40.38
 15.87
 -35.55
 29.01000000000001
 12.1
 40.16
 -40.81
 -42.4
 51.38
 33.5
 -25.4
 8.93
 -36.94
 -59.51
 30.09999999999999
 35.5
 27.22
 37.17
 43.11
 -33.55
 -58.06
 25.51000000000001
 -2.560000000000002
 27.64
 14.02
 -30.39
 45.78
 40.95
 -49.92
 -16.43
 -51.79
 13.35
 -62.52
 -27.43
 23.94
 -58.47
 -23.9
 43.53
 28.95
 21.90000000000001
 44.13
 -14.78
 51.19
 45.84
 1.340000000000003
 -50.21
 -20.38
 49.98999999999999
 47.78
 -53.21
 51.29000000000001
 -48.69
 26.45999999999999
 36.15000000000001
 -5.5
 35.68000000000001
 -29.77
 45.38
 -14.49
 37.42
 49.25
 -50.52
 43.92
 0.1599999999999966
 23.45999999999999
 -46.1
 45.54000000000001
 49.92
 55.54000000000001
 56.81999999999999
 42.42
 -24.98
 5.009999999999998
 -21.79
 -35.87
 42.26000000000001
 37.69
 42.25
 38.06
 2.700000000000003
 -44.15
 39.23999999999999
 -48.62
 38.27
 -25.41
 -17.01
 38.59999999999999
 -56
 -40.26
 -15.8
 45.39
 -23.58
 28.48999999999999
 -31.92
 29.93000000000001
 -7.810000000000002
 -43.14
 -45.45
 -29.7
 -16.3
 42.44
 -39.32
 14.63
 54.09999999999999
 -41.28
 -23.5
 -42.98
 38.05
 12.36
 -13.97
 39.02
 -50.71
 32.13
 -32.51000000000001
 -3.789999999999999
 -18.91
 56.93000000000001
 34.83
 33.73999999999999
 -23.88
 -41.26
 -21.42
 10.99
 0.1499999999999986
 -35.83
 40.95
 -23.01
 30.45
 -15.89
 -28.88
 -33.47
 36.09
 -41.82
 52.76000000000001
 -48.1
 -44.83
 -41.21
 40.89
 -45.69
 -43
 35.76000000000001
 37.27
 -5.710000000000001
 40.83
 -48.15
 -17.74
 27.88
 -31.92
 24.97
 -1.210000000000001
 57.54000000000001
 34.06
 -8.979999999999997
 47.25
 43.94
 30.81
 54.3
 -34.67
 -43.28
 43.25
 -45.58
 36.78
 -28.29
 -41.33
 5.649999999999999
 -47.3
 12.54
 49.7
 -55.21
 50.95
 52.13
 -5.289999999999999
 42.3
 29.52
 12.54
 -40.31
 45.06999999999999
 -14.18
 30.08
 -12.97
 35.09999999999999
 23.86
 -43.67
 -14.52
 -28.81
 36.68000000000001
 36.64
 -57.38
 -6.740000000000002
 -29.41
 -46.1
 34.90000000000001
 49.98999999999999
 26.98
 -41.96
 49.40000000000001
 -45.41
 -44.65
 54.31
 15.44
 38.09999999999999
 46.45
 18.37
 25.63
 45.52
 16.2
 -54.74
 -22.93
 41.20999999999999
 16.26000000000001
 32.81999999999999
 -50.35
 -44.57
 -27.66
 19.7
 42.59999999999999
 -43.52
 32.12
 -40.93
 -29.92
 -36.73
 36.79000000000001
 -56.75
 50.34
 -17.07
 28.70999999999999
 13.99
 33.63
 35.87
 -57.16
 -27.66
 -16.76
 -26.29
 -41.57
 18.40000000000001
 -49.29
 41.88
 -49.93
 -28.33
 38.18000000000001
 -42.02
 31.70999999999999
 -45.91
 -55.91
 -47.54
 20.12
 -54.99
 -44.01
 12.65
 9.439999999999998
 44
 -32.03
 -47.65
 46.29000000000001
 -12.31
 12.81
 -52.61
 43.51000000000001
 -42.4
 0.1499999999999986
 -34.18
 -66
 51.68000000000001
 39.84
 -29.47
 -61.56
 -45.61
 8.240000000000002
 53.68000000000001
 16.79000000000001
 -27.78
 -42.44
 29.68000000000001
 35.63
 20.90000000000001
 -1.409999999999997
 35.81999999999999
 -38.09
 -32.39
 -28.35
 43.31
 24.29000000000001
 48.3
 24.51000000000001
 -47.76
 -47
 -48.74
 -30.34
 47.55
 61.84
 24.2
 21.61
 49.67
 42.48
 -33.32
 -36.12
 -38
 -40.31
 -43.49
 -13.44
 47.25
 -23.98
 20.19
 44.39
 35.79000000000001
 43.41
 43
 46.06
 -41.38
 34.34
 -31.87
 48.65000000000001
 48.44
 50.11
 -17.25
 -36.47
 -30
 49.15000000000001
 58.61
 17.17
 43.81999999999999
 -40.4
 43.72
 -41.56
 -44.09
 -33.84
 18.51000000000001
 -36.97
 2.090000000000003
 45.73999999999999
 8.280000000000001
 -39.89
 -50.52
 46.51000000000001
 39.31
 -48.62
 -44.88
 -15.83
 -21.34
 48.62
 -50.84
 -21.92
 -19.53
 45.86
 -34.95
 -0.9500000000000028
 20.7
 -32.86
 -15.66
 -48.09
 14.95999999999999
 -25.04
 51.18000000000001
 -32.08
 -45.31
 29.06
 -2.700000000000003
 -51.73
 46.73
 41.93000000000001
 7.479999999999997
 -0.7100000000000009
 -13.29
 12.62
 -45.17
 -21.65
 32.98
 -56.47
 -46.31
 15.68000000000001
 -49.97
 -41.2
 -26.76
 35.87
 -38.4
 -35.09
 -20.52
 30.53
 24.29000000000001
 39.91
 -14.97
 12.51
 -49.02
 -35.35
 -19.81
 55.11
 -35.39
 -35.34
 45.48
 -28.5
 45.40000000000001
 -52.12
 -29.87
 -37.07
 -10.69
 -40.86
 -47.13
 -35.99
 4.030000000000001
 44.41
 -36.53
 -53.83
 53.06
 12.88
 -38.23
 -38.9
 11.09
 -47.61
 46.31
 -56.63
 -12.19
 22.59
 4.990000000000002
 -45.66
 -20
 -53.21
 -49.18
 -26
 -20.99
 41.90000000000001
 44.5
 38.56999999999999
 -4.649999999999999
 43.66
 21.91
 -59.98
 11.21
 -7.189999999999998
 -44.99
 -46.48
 40.95999999999999
 -55.71
 -37.5
 39.16
 32.04000000000001
 -0.4799999999999969
 -5
 37.83
 3.490000000000002
 33.64
 -34.39
 -59.8
 37.28
 -11.61
 -44.21
 -36.16
 56.81
 -31.98
 -27.86
 -14.73
 38.22
 -14.68
 39.19
 -46.77
 40.56
 -44.43
 39.94
 -36.87
 -54.98
 39.76000000000001
 14.67
 -57.37
 37.68000000000001
 43.18000000000001
 -13.19
 -5.359999999999999
 48.38
 -32.36
 8.979999999999997
 10.9
 -35.04
 -6.329999999999998
 30.15000000000001
 -46.57
 -34.11
 -22.22
 -9.07
 44.73
 -47.3
 -50.4
 42.16
 9.100000000000001
 11.92
 47.45999999999999
 -3.890000000000001
 40.91
 38.23999999999999
 -45.05
 8.909999999999997
 -13.28
 -18.41
 33.23999999999999
 -37.83
 -50.41
 9.770000000000003
 39.01000000000001
 55
 -49.15
 -29.87
 45.93000000000001
 18.33
 -17.56
 44.64
 -12.11
 -2.590000000000003
 -51.23
 1.030000000000001
 -2.780000000000001
 -10.77
 49.67
 -2.990000000000002
 41.43000000000001
 -14.13
 48.84999999999999
 23.39
 -49.62
 -29.2
 -55.62
 -48.12
 24.63
 50.92
 -45.12
 13.94
 47.34999999999999
 -7.770000000000003
 -2.810000000000002
 46.63
 44.58
 50.56999999999999
 -7.869999999999997
 -47.1
 -30.55
 11.95
 29.36
 29.23
 -27.06
 -46.75
 -15.79
 46.3
 -39.04
 -49.92
 18.68000000000001
 -25.72
 -35.18
 -41.44
 -45.14
 16.54000000000001
 51.73999999999999
 -24.8
 -33.98999999999999
 8.969999999999999
 -31.5
 -32.3
 35.52
 45.63
 -40.66
 51.29000000000001
 2.460000000000001
 -28.19
 49.31
 21.78
 -42.14
 -13.92
 19.64
 -32.76000000000001
 51.84
 38.06
 50.62
 -46.39
 -14.76
 43.53
 19.78
 31.05
 -13.16
 -29.05
 29.56
 -22.99
 29.04000000000001
 -8.549999999999997
 -42
 -5.43
 38.59999999999999
 -17.88
 -2.57
 38.51000000000001
 47.53
 42.37
 8.280000000000001
 -52.5
 43.72
 26.09999999999999
 55.5
 39.23999999999999
 46.36
 -36.79
 17.75
 -23.39
 -18.31
 44.94
 -48.06
 41.48
 -26.64
 -42.49
 -27.63
 -7.450000000000003
