# Created by Octave 3.8.2, Sun Dec 07 20:08:53 2014 EET <luoliangyi@localhost.localdomain>
# name: tyC
# type: matrix
# rows: 10000
# columns: 1
# The signal had multiple shifts and adjustments, other than the y-50 downward shift.
 -369.42
 -350.24
 -350.86
 -385.34
 -425.75
 -449.61
 -368.46
 -398.42
 -356.62
 -428.23
 -333.46
 -335.78
 -339.44
 -383.65
 -417.67
 -378.07
 -324.78
 -357.75
 -416
 -327.88
 -319.34
 -353.54
 -329.06
 -320.44
 -336.86
 -407.5
 -304.23
 -380.5
 -381.13
 -368.13
 -293
 -402.34
 -297.75
 -373.8
 -383.9
 -338.66
 -321.37
 -289.08
 -358.29
 -286.42
 -354.48
 -361
 -280.29
 -287
 -366.19
 -288.07
 -354.43
 -273.72
 -294.65
 -270.95
 -265.38
 -261.09
 -347.63
 -323.96
 -263.9
 -341.07
 -306.56
 -264.76
 -313.28
 -336.91
 -325.04
 -343.78
 -326.05
 -298.58
 -325.07
 -250.47
 -227.01
 -230.26
 -312.32
 -320.41
 -313.92
 -216.19
 -223.36
 -306.3
 -271.75
 -304.6
 -224.02
 -299.45
 -205.87
 -269.73
 -296.25
 -218.53
 -264.35
 -282.11
 -198.99
 -263.88
 -276.74
 -179.55
 -258.53
 -188.17
 -274.86
 -268.92
 -175
 -247.58
 -172.53
 -164.63
 -263.13
 -174.14
 -156.95
 -244.9
 -178.37
 -226.46
 -253.06
 -250.32
 -166.44
 -160.26
 -146.36
 -242.42
 -140.75
 -226.24
 -173.34
 -196.14
 -217
 -125.31
 -226.8
 -231.16
 -130.33
 -118.99
 -116.21
 -130.81
 -113.12
 -104.6
 -175.81
 -105.85
 -101.13
 -99.84
 -126
 -94.97999999999999
 -111.44
 -190.27
 -145.11
 -146.59
 -133.56
 -92.43000000000001
 -70.45
 -83.31999999999999
 -171.07
 -139.9
 -64.84999999999999
 -74.63
 -49.5
 -142.34
 -67.12
 -55.77
 -106.32
 -75.43000000000001
 -99.47999999999999
 -98.18000000000001
 -38.12
 -110.86
 -32.76000000000001
 -121.18
 -32.7
 -112.65
 -20.98
 -19.43
 -1.43
 -25.51
 -103.73
 -68.71000000000001
 -23.4
 -30.3
 -29.33
 -24.3
 -22.98
 -33.87
 15.76000000000001
 -69.98
 -74.86
 25.28
 25.06999999999999
 -40.74
 -17.98
 -9.899999999999999
 -20.97
 -49.71
 -31.45
 1.549999999999997
 59.68000000000001
 50.14
 6.640000000000001
 67.08
 13.43
 78.09999999999999
 83.34999999999999
 79.06
 79.80000000000001
 7.490000000000002
 89.59999999999999
 20.33
 12.48
 8.490000000000002
 12.97
 26.03
 77.22
 39.01000000000001
 94.28
 35.59
 56.36
 84.77000000000001
 86.75
 142.06
 92.31999999999999
 143.78
 154.22
 146.83
 148.54
 60.69
 61.08
 156.56
 162.82
 126.98
 153.08
 168.14
 95.03
 97.75999999999999
 104.92
 178.04
 189.34
 112.49
 98.90000000000001
 194.6
 190.23
 198.09
 187.85
 111.13
 152.21
 194.9
 187.59
 219.13
 225.61
 219.25
 128.95
 198.07
 185.81
 150.27
 231.99
 137.51
 149.4
 191.39
 243.85
 240.68
 211.8
 176.05
 265.05
 177.77
 252
 174.36
 268.49
 195.76
 271.22
 244.82
 206.18
 241.63
 206.66
 253.9
 199.24
 300.33
 203.51
 213.78
 228.93
 233.32
 283.88
 312.61
 263.31
 222.98
 261.62
 327.63
 258.82
 244.16
 236.9
 334.81
 297.93
 259.9
 278.25
 279.52
 349.21
 284.63
 333.7
 344.59
 285.54
 368.81
 361.21
 290.61
 365.76
 332.83
 304.34
 289.11
 287.55
 299.91
 301.26
 317.44
 379.61
 340.4
 405.03
 400.85
 399.32
 357.79
 404.63
 309.21
 379.21
 399.77
 347.73
 415.08
 398.92
 413.4
 416.85
 331.87
 421.36
 414.42
 411.57
 366.33
 386.98
 348.54
 365.49
 428.78
 362.35
 352.9
 389.69
 400.78
 446.07
 379.43
 382.06
 418.39
 443.7
 354.73
 356.94
 460.76
 363.96
 430.64
 412.13
 409.63
 454.6
 381.07
 425.12
 433.71
 407.38
 462.03
 468.96
 447.71
 396.58
 372.96
 414.68
 382.69
 390.79
 448.36
 375.78
 443.35
 384.67
 394.3
 382.24
 469.49
 368.94
 468.75
 383.27
 380.35
 396.51
 371.16
 401.87
 408.49
 467.79
 382.18
 374.05
 424.01
 367.11
 457.58
 379.36
 404.66
 464.17
 464.73
 379.78
 454.89
 368.69
 420.78
 375.26
 456.87
 355.41
 453.69
 449.96
 437.96
 350.6
 447.73
 447.51
 403.88
 451.33
 397.41
 349.69
 392.92
 352.9
 445.09
 412.59
 345.31
 436.1
 437.14
 433.43
 371.71
 424.4
 407.21
 337.07
 335.26
 399.46
 402.48
 323.71
 384.02
 416.12
 390.38
 373.56
 384.09
 402.25
 311.51
 302.17
 301.78
 321.28
 289.29
 400.33
 322.64
 371.75
 335.68
 306.04
 283.26
 351.82
 277.13
 311.15
 370.06
 310.83
 273.54
 371.42
 258.53
 298.34
 289.02
 343.33
 276.93
 307.59
 255.46
 257.08
 248.67
 336.22
 327.67
 323.62
 225.44
 319.07
 225.81
 243.65
 254.06
 230.39
 264.72
 221.46
 268.66
 284.78
 203.52
 241.54
 277.31
 293.47
 203.67
 241.63
 206.18
 244.82
 271.22
 195.76
 268.49
 174.36
 252
 177.77
 265.05
 176.05
 211.8
 240.68
 243.85
 191.39
 149.4
 137.51
 231.99
 150.27
 185.81
 198.07
 128.95
 219.25
 225.61
 219.13
 187.59
 194.9
 152.21
 111.13
 187.85
 198.09
 190.23
 194.6
 98.90000000000001
 112.49
 189.34
 178.04
 104.92
 97.75999999999999
 95.03
 168.14
 153.08
 126.98
 162.82
 156.56
 61.08
 60.69
 148.54
 146.83
 154.22
 143.78
 92.31999999999999
 142.06
 86.75
 84.77000000000001
 56.36
 35.59
 94.28
 39.01000000000001
 77.22
 26.03
 12.97
 8.490000000000002
 12.48
 20.33
 89.59999999999999
 7.490000000000002
 79.80000000000001
 79.06
 83.34999999999999
 78.09999999999999
 13.43
 67.08
 6.640000000000001
 50.14
 59.68000000000001
 1.549999999999997
 -31.45
 -49.71
 -20.97
 -9.899999999999999
 -17.98
 -40.74
 25.06999999999999
 25.28
 -74.86
 -69.98
 15.76000000000001
 -33.87
 -22.98
 -24.3
 -29.33
 -30.3
 -23.4
 -68.71000000000001
 -103.73
 -25.51
 -1.43
 -19.43
 -20.98
 -112.65
 -32.7
 -121.18
 -32.76000000000001
 -110.86
 -38.12
 -98.18000000000001
 -99.47999999999999
 -75.43000000000001
 -106.32
 -55.77
 -67.12
 -142.34
 -49.5
 -74.63
 -64.84999999999999
 -139.9
 -171.07
 -83.31999999999999
 -70.45
 -92.43000000000001
 -133.56
 -146.59
 -145.11
 -190.27
 -111.44
 -94.97999999999999
 -126
 -99.84
 -101.13
 -105.85
 -175.81
 -104.6
 -113.12
 -130.81
 -116.21
 -118.99
 -130.33
 -231.16
 -226.8
 -125.31
 -217
 -196.14
 -173.34
 -226.24
 -140.75
 -242.42
 -146.36
 -160.26
 -166.44
 -250.32
 -253.06
 -226.46
 -178.37
 -244.9
 -156.95
 -174.14
 -263.13
 -164.63
 -172.53
 -247.58
 -175
 -268.92
 -274.86
 -188.17
 -258.53
 -179.55
 -276.74
 -263.88
 -198.99
 -282.11
 -264.35
 -218.53
 -296.25
 -269.73
 -205.87
 -299.45
 -224.02
 -304.6
 -271.75
 -306.3
 -223.36
 -216.19
 -313.92
 -320.41
 -312.32
 -230.26
 -227.01
 -250.47
 -325.07
 -298.58
 -326.05
 -343.78
 -325.04
 -336.91
 -313.28
 -264.76
 -306.56
 -341.07
 -263.9
 -323.96
 -347.63
 -261.09
 -265.38
 -270.95
 -294.65
 -273.72
 -354.43
 -288.07
 -366.19
 -287
 -280.29
 -361
 -354.48
 -286.42
 -358.29
 -289.08
 -321.37
 -338.66
 -383.9
 -373.8
 -297.75
 -402.34
 -293
 -368.13
 -381.13
 -380.5
 -304.23
 -407.5
 -336.86
 -320.44
 -329.06
 -353.54
 -319.34
 -327.88
 -416
 -357.75
 -324.78
 -378.07
 -417.67
 -383.65
 -339.44
 -335.78
 -333.46
 -428.23
 -356.62
 -398.42
 -368.46
 -449.61
 -425.75
 -385.34
 -350.86
 -350.24
 -369.42
 -389.97
 -353.69
 -396.77
 -443.83
 -444.65
 -348.37
 -387.72
 -374.33
 -420.03
 -452.4
 -368.64
 -430.92
 -458.7
 -370.18
 -372.88
 -429.42
 -447.99
 -376.59
 -383.28
 -451.67
 -402.68
 -424.35
 -415.14
 -363.24
 -407.19
 -463.6
 -375.38
 -380.8
 -368.04
 -370.45
 -463.83
 -371.51
 -445.77
 -473.33
 -377.32
 -463.3
 -387.29
 -466.68
 -428.81
 -427.22
 -378.34
 -384.03
 -439.32
 -375.53
 -443.09
 -375.24
 -457.67
 -392.58
 -376.09
 -445.26
 -391.64
 -452.11
 -382.37
 -362.11
 -403.75
 -401.73
 -458.87
 -441.6
 -384.29
 -372.3
 -403.17
 -454.87
 -427.41
 -391.42
 -406.78
 -364.4
 -382.22
 -365.36
 -409.6
 -423.88
 -367.99
 -427.2
 -399.27
 -429.44
 -437.86
 -431.35
 -387.39
 -440.74
 -426.27
 -359.48
 -410.35
 -339.26
 -353.52
 -442.54
 -349.61
 -329.58
 -379.25
 -341.16
 -397.11
 -366.29
 -395.54
 -353.38
 -317.48
 -407.55
 -397.84
 -363.6
 -357.71
 -387.4
 -316.92
 -313.32
 -347.04
 -341.12
 -301.16
 -302.54
 -391.78
 -301.89
 -391.78
 -359.68
 -297.84
 -287.86
 -307.64
 -360.17
 -274.29
 -336.41
 -379.72
 -346.29
 -310.01
 -362.82
 -365.01
 -350.99
 -346.25
 -294.04
 -353.73
 -299.04
 -263.35
 -265.19
 -341.9
 -297.8
 -282.12
 -336.45
 -312.69
 -267.55
 -325.68
 -295.75
 -318.73
 -248.49
 -320.97
 -332.89
 -298.78
 -221.76
 -316.45
 -307.45
 -231.15
 -265.75
 -210.79
 -308.31
 -270.22
 -206.05
 -305.83
 -251.55
 -206.11
 -197.38
 -219.3
 -242.18
