# Created by Octave 3.8.2, Sun Dec 07 20:10:07 2014 EET <luoliangyi@localhost.localdomain>
# name: tyA
# type: matrix
# rows: 10000
# columns: 1
# The signal have been shifted leftward by 200, downward by 50. That is all x-200, y-50. Then mirrored. 
 0.4399999999999977
 -38.87
 25.76000000000001
 -59.61
 -53.91
 20.17
 24.83
 -56.37
 -48.58
 -67.81999999999999
 -55.33
 33.56999999999999
 19.23
 -40.66
 29.87
 -50.68
 -15.55
 -16.3
 -38.53
 -51.48
 -19.67
 18.25
 28.65000000000001
 -62.39
 13.87
 21.45
 -77.14
 9.539999999999999
 -21.58
 -71.06999999999999
 -16.12
 -21.71
 -83.16
 -77.89
 -16.62
 -1.039999999999999
 -87.77000000000001
 -52.91
 1.289999999999999
 -84.22
 -38.05
 13.82
 -91.47999999999999
 -79.31999999999999
 -89.59999999999999
 -23.52
 -52.78
 -2.770000000000003
 -94.87
 -18.4
 -57.23
 -18.83
 -76.8
 -16.09
 -99.19
 -12.12
 -49.91
 -115.42
 -120.5
 -128.69
 -121.82
 -60.23
 -35.89
 -46.81
 -55.97
 -74.18000000000001
 -134.54
 -146.05
 -102.11
 -62.99
 -126.7
 -154.76
 -156.1
 -111.95
 -140.83
 -165.85
 -151.72
 -76.53
 -137.3
 -150.91
 -96.81
 -105.34
 -100.99
 -167.41
 -174.97
 -183.79
 -179.38
 -110.02
 -109.32
 -131.2
 -117.27
 -131.45
 -222.53
 -222.33
 -231.27
 -174.34
 -212.75
 -196.95
 -251.99
 -225.05
 -162.01
 -265.77
 -254.59
 -279.86
 -280.86
 -182.17
 -222.73
 -291.78
 -217
 -206.16
 -213.11
 -212.44
 -315.12
 -238.27
 -279.06
 -236.64
 -283.21
 -312.53
 -345.97
 -250.19
 -354.39
 -282.79
 -365.88
 -304.09
 -372.95
 -332.15
 -400.07
 -307.83
 -393.95
 -380.73
 -404.79
 -338.92
 -429.79
 -330.93
 -442.05
 -444.16
 -452.26
 -366.47
 -457.1
 -386.9
 -394.86
 -383.72
 -478.47
 -488.89
 -415.84
 -500.65
 -428.42
 -454.07
 -476.16
 -443.33
 -512.88
 -467.3
 -472.59
 -571.15
 -576.67
 -561.9400000000001
 -511.31
 -594.8099999999999
 -569.4
 -611.72
 -542.05
 -570.16
 -609.61
 -579.13
 -583.63
 -612.15
 -632.9299999999999
 -580.85
 -576.25
 -622.29
 -666.5700000000001
 -704.21
 -657.4299999999999
 -616.24
 -629.25
 -697.6799999999999
 -709.26
 -733.6799999999999
 -664.13
 -671.9299999999999
 -726.5700000000001
 -696.67
 -675.53
 -734.17
 -785.3200000000001
 -797.3
 -717.84
 -724.52
 -737.08
 -748.52
 -735.99
 -829.23
 -804.17
 -765.53
 -842.1900000000001
 -868.51
 -811.45
 -824.5599999999999
 -882.4299999999999
 -901.78
 -901.02
 -907.53
 -854.34
 -825.77
 -910.8200000000001
 -853.8099999999999
 -898.0700000000001
 -852.7
 -918.48
 -936.39
 -964.1799999999999
 -873.5700000000001
 -978.66
 -885.12
 -892.89
 -944.33
 -1001.5
 -924.38
 -943.61
 -1019.76
 -1022.08
 -968.59
 -987.0599999999999
 -1044.67
 -960.65
 -1010.26
 -976.89
 -1056.74
 -991.7
 -1058.28
 -975.4299999999999
 -1053.29
 -1071.81
 -1058.84
 -997.15
 -994.0599999999999
 -1009.16
 -1007.62
 -1031.25
 -1069.75
 -1049.96
 -1032.9
 -1046.79
 -1083.14
 -1119.73
 -1021.03
 -1106.75
 -1076.66
 -1033.56
 -1048.39
 -1077.71
 -1048.99
 -1136.76
 -1146.82
 -1114.73
 -1092.83
 -1150.03
 -1090.67
 -1060.91
 -1144.64
 -1145.13
 -1074.92
 -1113.03
 -1122.37
 -1148.59
 -1102.6
 -1057.04
 -1101.61
 -1157.55
 -1105.7
 -1094.05
 -1061.01
 -1158.78
 -1150.86
 -1061.7
 -1135.17
 -1106.38
 -1070.63
 -1148.85
 -1149.35
 -1133.26
 -1147.99
 -1149.34
 -1069.05
 -1069.43
 -1051.69
 -1066.72
 -1058.25
 -1041.45
 -1068.61
 -1028.69
 -1134.71
 -1027.52
 -1112.74
 -1102.24
 -1074.41
 -1047.85
 -1107.39
 -1049.52
 -1001.56
 -1085.56
 -1079.06
 -991.73
 -990.5599999999999
 -1027.82
 -1004.65
 -976.6799999999999
 -1007.9
 -1066.47
 -1048.47
 -1056.07
 -965.33
 -1015.19
 -947.73
 -972.48
 -938.39
 -986.4400000000001
 -993.0599999999999
 -979.5700000000001
 -915.4299999999999
 -912.33
 -975.6900000000001
 -996.78
 -938.47
 -899.89
 -982.15
 -950.24
 -945.72
 -878.04
 -857.54
 -881.48
 -839.73
 -899.65
 -919.15
 -859.97
 -867.1799999999999
 -887.04
 -812.62
 -806.0599999999999
 -893.59
 -797.09
 -774.8200000000001
 -855.16
 -840.16
 -849.88
 -762.45
 -847.88
 -762.85
 -747.87
 -802.16
 -721.54
 -735.6900000000001
 -716.58
 -788.45
 -698.88
 -746.6
 -751.65
 -728.1900000000001
 -750.05
 -645.5599999999999
 -645.3200000000001
 -639.3
 -700.5599999999999
 -624.77
 -708.23
 -656.08
 -606.62
 -596
 -625.62
 -567.4400000000001
 -640.62
 -647.47
 -589.24
 -553.76
 -593.9400000000001
 -536.12
 -591.21
 -583.49
 -601.09
 -533.21
 -572.65
 -503.82
 -501.21
 -485.26
 -565.5700000000001
 -550.5799999999999
 -490.32
 -543
 -487.38
 -511.7
 -525.62
 -496.85
 -498.87
 -502.17
 -408.47
 -405.61
 -497.55
 -472.75
 -376.46
 -392.08
 -421.69
 -380.43
 -439.95
 -418.62
 -373.57
 -406.67
 -324.34
 -336.9
 -312.05
 -319.82
 -323.66
 -298.47
 -287.74
 -289.17
 -309.59
 -303.77
 -305.97
 -310.1
 -252.26
 -305.23
 -257.37
 -244.21
 -266.8
 -325.07
 -311.81
 -249.92
 -289.07
 -223.04
 -211.12
 -265.13
 -279.11
 -246.8
 -186.67
 -267.2
 -224.91
 -208.39
 -216.61
 -183.45
 -200.44
 -240.98
 -254.89
 -233.07
 -234.31
 -145.91
 -137.23
 -121.61
 -193.21
 -166.59
 -204.93
 -142.59
 -165.82
 -194.07
 -125.42
 -104.83
 -105.96
 -129.9
 -179
 -96.44
 -111.5
 -178.11
 -177.07
 -121.66
 -140.7
 -72.88
 -134.4
 -167.96
 -154.54
 -128.22
 -88.8
 -115.79
 -48.57
 -60.32
 -40.27
 -44.53
 -132.27
 -99.64
 -88.86
 -124
 -30.36
 -38.48
 -41.78
 -101.79
 -88.97
 -29.5
 -121.01
 -107.77
 -25.33
 -109.46
 -44.46
 -25.06
 -95.97999999999999
 -96.88
 -14.04
 -2.979999999999997
 -5.030000000000001
 -87.99000000000001
 5.859999999999999
 -98.18000000000001
 7.270000000000003
 -85.69
 -78.98999999999999
 -80.71000000000001
 7.479999999999997
 -54.16
 -71.87
 11.6
 -63.3
 -69.61
 -40.07
 -76.88
 -13.4
 -14.53
 -45.4
 -67.81999999999999
 -8.619999999999997
 27.19
 -56.01
 -38.93
 -71.31
 7.75
 -61.47
 -67.2
 16.61
 29.68000000000001
 -44.67
 -64.48999999999999
 28.58
 41.68000000000001
 -59.77
 -29.57
 51.55
 -50.48
 -64.03
 28.59
 2.950000000000003
 20.01000000000001
 38.81999999999999
 -8.210000000000001
 24.51000000000001
 -4.829999999999998
 19.51000000000001
 -45.35
 -63.17
 46.47
 37.98999999999999
 42.72
 -12.27
 46.12
 -54.65
 40.83
 65.84999999999999
 51.72
 -23.47
 37.3
 50.91
 -3.189999999999998
 5.340000000000003
 0.990000000000002
 67.41
 74.97
 83.78999999999999
 79.38
 10.02
 9.32
 31.2
 17.27
 31.45
 122.53
 122.33
 131.27
 74.34
 112.75
 96.94999999999999
 151.99
 125.05
 62.01000000000001
 165.77
 154.59
 179.86
 180.86
 82.16999999999999
 122.73
 191.78
 117
 106.16
 113.11
 112.44
 215.12
 138.27
 179.06
 136.64
 183.21
 212.53
 245.97
 150.19
 254.39
 182.79
 265.88
 204.09
 272.95
 232.15
 300.07
 207.83
 293.95
 280.73
 304.79
 238.92
 329.79
 230.93
 342.05
 344.16
 352.26
 266.47
 357.1
 286.9
 294.86
 283.72
 378.47
 388.89
 315.84
 400.65
 328.42
 354.07
 376.16
 343.33
 412.88
 367.3
 372.59
 471.15
 476.67
 461.94
 411.31
 494.8099999999999
 469.4
 511.72
 442.05
 470.16
 509.61
 479.13
 483.63
 512.15
 532.9299999999999
 480.85
 476.25
 522.29
 566.5700000000001
 604.21
 557.4299999999999
 516.24
 529.25
 597.6799999999999
 609.26
 633.6799999999999
 564.13
 571.9299999999999
 626.5700000000001
 596.67
 575.53
 634.17
 685.3200000000001
 697.3
 617.84
 624.52
 637.08
 648.52
 635.99
 729.23
 704.17
 665.53
 742.1900000000001
 768.51
 711.45
 724.5599999999999
 782.4299999999999
 801.78
 801.02
 807.53
 754.34
 725.77
 810.8200000000001
 753.8099999999999
 798.0700000000001
 752.7
 818.48
 836.39
 864.1799999999999
 773.5700000000001
 878.66
 785.12
 792.89
 844.33
 901.5
 824.38
 843.61
 919.76
 922.08
 868.59
 887.0599999999999
 944.67
 860.65
 910.26
 876.89
 956.74
 891.7
 958.28
 875.4299999999999
 953.29
 971.8099999999999
 958.84
 897.15
 894.0599999999999
 909.16
 907.62
 931.25
 969.75
 949.96
 932.9
 946.79
 983.1400000000001
 1019.73
 921.03
 1006.75
 976.6600000000001
 933.5599999999999
 948.39
 977.71
 948.99
 1036.76
 1046.82
 1014.73
 992.8299999999999
 1050.03
 990.6700000000001
 960.91
 1044.64
 1045.13
 974.9200000000001
 1013.03
 1022.37
 1048.59
 1002.6
 957.04
 1001.61
 1057.55
 1005.7
 994.05
 961.01
 1058.78
 1050.86
 961.7
 1035.17
 1006.38
 970.63
 1048.85
 1049.35
 1033.26
 1047.99
 1049.34
 969.05
